150	153	11835	215351	160	0.81855848085323	0.666472788265118	1.0053493531535	-0.000708700726589063	-0.328877692601948
150	172	11835	10580	6	0.624801703958733	0.216153592963726	1.80601748931024	-0.00032226741098643	-0.035056119842052
150	174	11835	254312	76	0.329248163751047	0.244343016668614	0.443656441716352	-0.00285140428832623	-1.43794502601994
150	182	11835	54780	8	0.160895753386477	0.0641688829250053	0.403426743271451	-0.00164277306448699	-0.384486632517519
150	183	11835	28618	3	0.11549378062554	0.0257415474781365	0.518182264469905	-0.001250357145412	-0.211513885539687
150	185	11835	392332	301	0.84525818711062	0.727623739782372	0.981910517503487	-0.000821495243005813	-0.514553999964943
150	188	11835	108195	72	0.733165343450259	0.539671160579937	0.996035104523462	-0.000735684526038621	-0.241986601644783
150	189	11835	49601	53	1.17723200297649	0.823682525387075	1.68253562036024	0.000330104470878552	0.0735170192541248
150	191	11835	12451	16	1.41576891342241	0.739096745548397	2.71196109073113	0.000387434255188418	0.0432280139059932
150	194	11835	1596	3	2.07092795359756	0.461573635845942	9.29156748983643	0.000357141000432844	0.0388496553892376
150	203	11835	28077	14	0.549356106364448	0.274202909841298	1.10061607943758	-0.000630976757557265	-0.105723937901734
150	204	11835	42779	26	0.669606008886636	0.402135278334579	1.1149785440213	-0.000571343753760025	-0.1181687704084
150	205	11835	13640	5	0.403861316464039	0.126256635162581	1.29184468385394	-0.000581457793283335	-0.0679037270570201
153	172	215351	10580	127	0.726801885547048	0.577058402624371	0.915402979026711	-0.00100888505015148	-0.468180517505806
153	174	215351	254312	2255	0.53688056759819	0.508280327281749	0.567090104403701	-0.00846444307704933	-4.26870031488353
153	182	215351	54780	534	0.590224484022399	0.52741860361922	0.660509392632299	-0.00344918204340209	-1.60062696718262
153	183	215351	28618	739	1.56351895656658	1.42091622339271	1.72043325799049	0.00342491798226986	1.58936685760277
153	185	215351	392332	4847	0.748027009689697	0.720616859348531	0.776479761701886	-0.00575121785228861	-3.60240685537746
153	188	215351	108195	1504	0.841663777775692	0.787092653159742	0.900018456500417	-0.00187688697889193	-0.870984278619826
153	189	215351	49601	929	1.13402668391441	1.04130796023698	1.23500114177295	0.00107326999821593	0.498058858929619
153	191	215351	12451	153	0.744020993292401	0.602974055445065	0.918061454652828	-0.00102555464913959	-0.475916175419805
153	194	215351	1596	39	1.47955022405632	0.975706125016582	2.24357397107443	0.000687578060510547	0.319075562089726
153	203	215351	28077	313	0.674981123637912	0.582732099751285	0.781833568910915	-0.00195657685696741	-0.907965136843579
153	204	215351	42779	612	0.866201209704172	0.779789010739937	0.962189163169934	-0.000994777575617061	-0.461633833808169
153	205	215351	13640	150	0.66584766455952	0.538492860399203	0.823322173799471	-0.00140127653196133	-0.650272974137797
172	174	10580	254312	184	0.891682383980239	0.73615312891394	1.08007076608328	-0.000435345245245121	-0.219540963384969
172	182	10580	54780	28	0.629934248076686	0.385392645936773	1.02964382191413	-0.000684980697725852	-0.16031771759191
172	183	10580	28618	13	0.559839181415955	0.272200796078706	1.15142906840678	-0.000588277657564006	-0.0995146209617257
172	185	10580	392332	296	0.929816387328451	0.799405741562827	1.0815015069248	-0.000352266120347575	-0.220646306724925
172	188	10580	108195	74	0.842914928770613	0.623048199684748	1.14037016318139	-0.000409469995736968	-0.134685766424638
172	189	10580	49601	40	0.993868156737647	0.658859103663184	1.49921873657839	-1.07978698960255e-05	-0.00240477556614709
172	191	10580	12451	58	5.74093959853818	4.08053296298757	8.07698106424145	0.00417684355198614	0.466035747219871
172	194	10580	1596	9	6.94974451724775	2.92132885288993	16.5332118659751	0.00187592537485554	0.192938147119801
172	203	10580	28077	78	3.42375845576703	2.55065095961841	4.59573738195442	0.00320853656553837	0.53761219429154
172	204	10580	42779	89	2.56400339265096	1.94638200564413	3.37760695406245	0.00255705941232666	0.528868134416688
172	205	10580	13640	16	1.44565555549396	0.754698952155063	2.76921013228219	0.000410967994183449	0.0479936058432998
174	182	254312	54780	1455	1.36181777016697	1.2720961863723	1.45786746238997	0.00331459695480115	1.67153252530918
174	183	254312	28618	581	1.04091408354252	0.934482741891289	1.15946724401167	0.000270635769949035	0.136479345658438
174	185	254312	392332	2	0.000261369131648011	4.15732260933709e-05	0.00164321678632798	-0.0248349349166793	-15.5604716776325
174	188	254312	108195	518	0.245471230711691	0.218972652946959	0.275176485721749	-0.0097342920002809	-4.90915410809328
174	189	254312	49601	490	0.506504932736099	0.450375845717058	0.569629231508947	-0.00430101796524769	-2.16898721716151
174	191	254312	12451	197	0.811222568832717	0.674049073098263	0.976311788633848	-0.000823142932746839	-0.415104192661313
174	194	254312	1596	33	1.06012990200658	0.674212909335918	1.66694436366618	9.38316021827956e-05	0.0473184873447982
174	203	254312	28077	253	0.462006249989405	0.392336930977321	0.544047114039364	-0.00352481462404151	-1.77754538657572
174	204	254312	42779	518	0.620836387172478	0.55381720345585	0.695965775769011	-0.00306811176631036	-1.54723021966672
174	205	254312	13640	152	0.571356600878834	0.46272278624588	0.705494466819596	-0.00195634845463075	-0.986571945712189
182	183	54780	28618	1094	9.09915157424468	8.41133429016123	9.84321351583	0.0246726968232646	5.7763291824408
182	185	54780	392332	2	0.0012133863929841	0.000193000552638696	0.00762850944491946	-0.0114265201930451	-7.15761120732455
182	188	54780	108195	168	0.369594029926595	0.302418982031367	0.451690386760222	-0.0037455328440369	-1.23201568704502
182	189	54780	49601	147	0.705423233592458	0.569270650036207	0.87413945978137	-0.00118236525039857	-0.276729237716033
182	191	54780	12451	38	0.726444132705206	0.476461586227823	1.10758368186577	-0.000549333319979518	-0.128569837042155
182	194	54780	1596	9	1.34224711559842	0.564214403494806	3.193160805844	0.000245959249278351	0.057566027098184
182	203	54780	28077	46	0.389968911836787	0.265793391523927	0.572157762566033	-0.00184066920033889	-0.430803841170319
182	204	54780	42779	114	0.634303459382818	0.497212397810779	0.809193174499495	-0.0013627936514158	-0.318958067132814
182	205	54780	13640	28	0.488614688024291	0.298933592732266	0.798653343610339	-0.0010748875872032	-0.251574364567289
183	185	28618	392332	3	0.00348395974252231	0.000776513810670544	0.0156313710338707	-0.00823184353426161	-5.156292924449
183	188	28618	108195	103	0.433746156019028	0.335719461818377	0.560395655474581	-0.0024292711386684	-0.799055331462141
183	189	28618	49601	102	0.936947690286707	0.724289444214228	1.21204441310889	-0.000182736668049295	-0.0406969787473788
183	191	28618	12451	24	0.878238788019124	0.516562716007232	1.49314564307522	-0.000176551090852714	-0.0298658497299263
183	194	28618	1596	4	1.14191219189913	0.311207483540746	4.19001316797434	7.36401399321708e-05	0.0124571607820098
183	203	28618	28077	25	0.405690569298496	0.241191618084539	0.68238207996121	-0.00129481563310381	-0.219034619120764
183	204	28618	42779	46	0.489928618483759	0.333923512791664	0.718817459731144	-0.00137249806855674	-0.28386857188853
183	205	28618	13640	27	0.901892965053473	0.546823802541724	1.48751922764167	-0.000148897183549099	-0.0251878414774871
185	188	392332	108195	11058	3.39672624644209	3.31384167776313	3.48168389295431	0.0386142356106052	24.2045616745103
185	189	392332	49601	2933	1.96522727646916	1.87312898822306	2.06185386722469	0.0105055421840894	6.58064097311343
185	191	392332	12451	281	0.750055222743354	0.642294663538921	0.875895237965793	-0.0013610362498254	-0.852502877829556
185	194	392332	1596	47	0.978714727619187	0.669808990789522	1.4300831001531	-4.14799564951771e-05	-0.0259814898882343
185	203	392332	28077	807	0.955243267307563	0.871701775537002	1.04679114502698	-0.000366199604007674	-0.229373720280382
185	204	392332	42779	1413	1.09774808009346	1.02439361714397	1.17635528685603	0.000987764022394001	0.618698658963127
185	205	392332	13640	374	0.911272751879333	0.796640334657752	1.04240018009444	-0.00050571697057361	-0.316762193993003
188	189	108195	49601	4473	10.8679131578691	10.45366578838	11.2985759060973	0.0557784212074353	18.3756388924828
188	191	108195	12451	72	0.696892766824658	0.51297150334798	0.94675732527597	-0.000857183771319487	-0.28195102729087
188	194	108195	1596	13	0.981630760203804	0.477281119536049	2.01893372676251	-1.8590979740968e-05	-0.00611507600455767
188	203	108195	28077	176	0.755439448160986	0.620993053693814	0.918993789774592	-0.00103919707349083	-0.341820205654137
188	204	108195	42779	392	1.10431540955182	0.968419145149706	1.25928171689035	0.000547451246606206	0.180071547035778
188	205	108195	13640	84	0.742168656868728	0.558857812240984	0.985607256753917	-0.000763199787063601	-0.25103712273301
189	191	49601	12451	76	1.60458900383425	1.19080424785018	2.16215711009936	0.00115504195193433	0.257237635136581
189	194	49601	1596	62	10.2120575829202	7.34023052420338	14.2074720586785	0.00629836191716042	1.40272548364068
189	203	49601	28077	112	1.04862878068156	0.820212833370989	1.34065485802551	0.000139593361030639	0.0310886045383365
189	204	49601	42779	208	1.27816570071947	1.06732050528323	1.53066258017986	0.000986189636107834	0.219632753168427
189	205	49601	13640	39	0.751631009591437	0.495671573975235	1.13976512723659	-0.000496660676715238	-0.110610483249856
191	194	12451	1596	27	17.71623893482	10.7414719827929	29.2199358242912	0.00571802802871022	0.637999903829056
191	203	12451	28077	17	0.634072431474208	0.337501979292674	1.19124589787062	-0.000525536948419758	-0.0880568604891551
191	204	12451	42779	42	1.02815670918394	0.68837616625125	1.53565197411863	4.99430996226112e-05	0.0103295322265273
191	205	12451	13640	6	0.460656848158565	0.15936677651035	1.3315493756103	-0.000539590523694492	-0.0630143876423934
194	203	1596	28077	4	1.1639150588656	0.317203966029147	4.27074819149528	8.42481616749533e-05	0.0141162817252752
194	204	1596	42779	2	0.381954266202686	0.0607534276858157	2.40133054261387	-0.000392326518482573	-0.0811433361853757
194	205	1596	13640	2	1.19791946875988	0.190540376353828	7.53127017535206	7.08632580660627e-05	0.00827554224626961
203	204	28077	42779	153	1.66094398182679	1.34607239609657	2.04946993844208	0.00176153841762961	0.364332534405905
203	205	28077	13640	102	3.47280169103461	2.68458268244224	4.49244929728938	0.00371725456707099	0.622852463824864
204	205	42779	13640	1179	26.3459395691105	24.4248222222955	28.4181610601704	0.0470572866547254	9.74346490658191
